x = [0 0 0.5 1 1.5 2 2.5 3 3]

y = [0 1 2 2.5 3 2.5 2 1 0]