x = [0 0.2 0.8 1.5 2.5 3.5 4.2 4.8 5];

y = [0 1 2 3 4 3 2 1 0]