y = 0.22*x^2 - 0.67*x + 0.5