x = [0 1.5 3]

y = [0.5 0 0.5]